---
# Checkout
jffortier: 0.5
lemonmade: 0.5

# Admin
developit: 0.142857142857143
alex-page: 0.142857142857143
olavoasantos: 0.142857142857143
kyledurand: 0.142857142857143
Fionoble: 0.142857142857143
vividviolet: 0.142857142857143
bratsos: 0.142857142857143

# POS
heltisace: 0.5
pkhanal: 0.5
